-229
6
437
-314
400
-16
478
-338
-17
187
272
16
-296
-251
466
251
451
-21
-264
428
69
-141
-317
202
82
-16
267
222
21
442
-1
-78
93
273
-431
-250
23
-174
198
322
11
-134
-47
-85
313
287
236
-388
-233
-51
-302
-315
498
-55
496
73
238
131
-421
279
413
-128
-374
-169
-300
478
-463
210
-319
416
-371
-277
-58
-368
316
69
-452
491
339
259
118
-255
358
214
361
358
134
414
279
349
-310
23
302
243
329
-227
-226
61
97
265
-29
403
481
480
233
492
39
-110
62
79
450
285
356
-387
146
12
-220
-49
-501
-322
385
-411
386
290
-422
408
91
132
428
-28
-347
436
-462
271
-449
98
297
260
297
256
26
507
-304
477
347
80
-240
-277
30
225
240
-321
-265
-471
427
-394
-176
-275
-31
213
-223
205
454
107
274
-114
48
-252
-383
291
-247
46
372
463
-193
-176
51
-508
218
175
-439
-180
-252
70
-333
76
-316
-99
323
-316
96
-139
158
420
-493
176
269
123
459
-241
-122
-37
-237
-198
-215
-457
113
202
-384
-270
-104
-64
208
212
434
-27
-311
-25
253
-30
203
433
-212
71
66
-487
-103
-423
26
410
-254
235
-34
342
385
292
-102
-125
-320
-161
495
-333
-278
-11
147
207
-377
-398
-382
470
434
158
-451
360
-329
-485
363
311
-346
-31
-498
354
507
-386
138
-311
477
62
290
-424
467
39
436
-142
213
266
118
-402
-147
-147
-329
-205
-79
-90
-503
-235
-258
243
300
-25
19
217
240
346
-116
378
90
186
-169
116
-401
510
276
-329
-295
84
-471
251
452
-218
-217
-158
-453
-103
-97
413
294
439
482
132
-349
-218
433
62
364
127
-133
474
58
382
289
444
-298
-297
-4
-148
158
-38
-308
-417
149
272
418
-441
-462
-100
97
100
366
151
-107
-389
-172
-379
-348
-295
-224
416
243
42
-98
-127
-278
-394
-316
157
-390
473
238
-458
-466
-315
36
335
97
471
-394
-226
-136
362
502
401
-288
226
-104
-395
-69
413
251
451
-286
-14
220
-82
282
442
18
230
339
-215
167
-79
-95
287
-197
-411
-306
0
499
-81
344
27
-135
-127
409
145
-268
-332
-33
20
434
-382
72
-496
403
-45
335
473
-398
364
-369
107
6
-237
-325
35
132
-365
-349
304
-236
-270
474
50
170
151
261
-133
114
163
104
-338
14
96
178
-223
-248
251
-334
-354
-68
-390
440
268
-249
-11
-80
152
-258
-444
72
-313
9
243
139
35
-344
201
-474
-238
-234
434
388
296
-179
324
131
470
-388
469
-436
-74
94
315
100
293
442
298
-70
-50
-442
-410
-196
354
-187
-359
274
-135
327
35
-477
-337
-477
434
-363
245
-122
-320
351
355
409
269
-135
-227
-69
-458
-399
-30
186
-222
373
486
-251
-312
-414
-167
-60
-19
-104
302
-119
300
-335
486
397
317
-378
-113
-497
117
-373
-48
-297
-81
63
-143
124
-113
-393
477
370
-454
322
78
-178
126
109
-256
381
-366
276
-480
-29
-180
-407
-263
-418
23
60
219
461
-380
322
88
448
-125
431
-428
260
-129
-473
-117
-364
299
417
7
-258
67
72
279
446
21
-58
-176
179
284
296
284
-258
-119
-268
405
-84
-42
298
474
-137
372
68
-304
-58
-344
-344
-121
97
-145
-103
18
20
209
355
-206
-122
88
-130
96
152
-289
120
-268
-86
195
-366
415
-287
140
159
301
-269
-13
66
-76
-99
-393
246
259
292
-120
-243
-49
-221
327
33
509
-26
-23
-499
490
-305
197
-28
217
-307
-189
18
-402
352
96
288
-130
373
322
-485
499
62
-125
-438
-469
384
376
-217
345
-102
-118
-460
-62
-407
-411
-103
-40
-108
359
348
-174
343
-218
485
347
60
247
-87
178
-275
497
-315
-243
-370
-12
103
-404
212
285
-331
-16
56
-354
-265
-349
361
215
-246
-55
133
18
415
347
-207
-106
79
-484
-7
80
272
463
-448
-214
39
-165
249
472
-489
238
410
132
131
-441
-153
268
-38
-237
-384
34
-420
-139
261
-207
141
-288
-125
290
448
260
241
-229
-393
-173
444
273
371
132
-21
398
-149
-270
461
-424
-56
243
-110
-184
186
-463
-306
-173
-248
-248
-364
-344
394
-255
297
39
-188
387
-61
-230
397
-115
-128
309
-122
-40
-491
29
-459
-485
-188
51
115
206
-111
509
69
32
-145
-508
-411
-124
302
-454
-23
-376
-241
-221
206
108
407
387
271
269
443
220
318
161
217
406
-422
-280
10
275
-95
325
-249
135
82
-394
468
-319
508
288
-68
-30
-197
-450
131
281
430
-410
156
358
272
256
-202
-144
-14
-354
178
-131
-459
-249
-298
-89
-27
-309
-325
-196
-434
-377
38
359
-1
429
89
-451
-68
331
427
0
229
-449
82
-509
-152
390
-116
214
-70
66
389
-231
-262
-72
-178
178
446
294
252
470
-118
-41
409
390
-116
-274
205
-291
-337
-93
-42
-247
386
-168
497
293
3
28
-88
-37
-38
310
-245
-32
273
44
-387
374
-17
486
-499
474
430
-395
-287
183
289
246
-292
178
-323
77
471
275
-243
0
206
409
342
-8
-489
129
-219
160
294
469
126
-23
-219
-500
-43
-332
104
235
-235
341
-388
261
-258
154
164
-402
83
-33
125
-246
470
-48
-330
375
180
102
-150
-394
82
-113
86
-21
309
287
-469
-69
468
-78
318
-205
-228
186
289
-178
366
443
273
207
-498
-314
-294
-457
-145
-492
71
141
-342
-204
-361
-166
-404
-174
-510
-425
-121
-229
-278
-145
440
482
195
438
-360
142
-477
406
-183
437
38
289
257
-73
-341
-337
-272
28
355
-321
-157
-254
342
309
284
-27
223
251
113
142
-97
2
-246
396
-363
204
39
-315
-68
383
-461
438
-150
-127
312
-503
191
432
358
-76
383
-419
-243
427
140
210
292
-443
350
463
-490
-502
447
171
368
139
-489
-410
157
439
-122
-366
-239
293
-445
326
506
14
337
3
-454
359
9
-365
-459
-340
154
19
167
-297
504
-209
1
65
-411
-166
288
188
-295
116
-169
-363
-311
162
-413
-3
-423
-146
-452
387
104
82
-133
-261
199
441
-478
363
456
96
-106
-60
-99
-448
-96
-374
-357
-242
-212
-420
240
-166
-351
-90
-282
-446
159
299
-11
226
237
482
-456
401
-430
438
58
-55
314
-68
166
252
8
-162
-508
340
141
284
-49
-441
482
-419
352
47
21
-311
429
-251
-351
249
-416
248
370
-312
-131
349
-168
216
-6
157
-147
26
-409
366
-344
-392
26
-429
257
-113
46
340
320
215
-397
-198
256
-62
460
499
494
-155
66
437
-15
-433
485
-419
-261
-22
-233
-396
-391
38
314
-36
-254
-307
98
256
-469
-223
-256
200
-192
-158
19
-452
-323
-353
-224
-20
312
-387
9
-444
432
372
109
-362
471
285
-388
50
-411
-264
195
-153
-13
348
328
375
134
292
260
-60
57
-151
65
-288
-240
-490
-234
496
161
198
62
316
390
-383
-71
476
292
-68
327
-36
464
-131
-415
-363
0
208
398
-387
82
355
223
-415
-175
156
-163
272
143
487
277
-97
-471
-91
-17
-219
44
-176
-390
48
-250
-397
314
225
-411
-288
402
422
441
-44
162
-38
478
115
-146
17
-314
-179
145
353
-252
322
-289
376
-506
422
-250
173
160
-54
462
17
-273
448
-249
-372
282
-282
105
261
29
-137
-249
204
498
-480
38
-508
91
-321
-458
-152
-67
280
219
-165
-242
246
-334
304
137
49
423
232
-499
-424
-329
-431
-328
73
-48
-109
-273
399
-340
-421
-467
-65
385
371
443
-99
-477
23
-510
-373
-362
-310
-239
432
445
250
149
-109
282
361
-102
-146
15
-447
20
293
-7
269
-227
-223
-172
434
349
-351
339
-477
209
-435
-480
45
-161
315
-253
345
-200
75
251
-70
215
-491
-305
494
326
299
-269
-164
-365
-182
187
125
-219
-345
-269
-361
-11
-413
299
155
40
334
57
-372
22
448
241
-233
103
-16
-100
-301
297
-159
338
-295
-103
-244
-77
-7
103
-352
501
-381
-148
-370
-499
426
82
-172
-330
171
-176
-88
-213
-367
-136
-9
-153
209
-95
218
-118
-56
398
260
-117
-273
-446
-467
-127
-480
272
-116
-23
-66
-349
-126
18
-279
-208
214
25
-76
-198
-203
-336
-378
62
350
501
-363
-420
-315
472
-357
-368
209
252
449
135
-62
195
490
422
330
-102
-205
-475
-295
-50
-19
-5
-65
95
-245
-356
-239
-16
498
247
-116
303
496
-276
-202
-227
33
405
-202
-442
-497
422
-149
-129
-17
320
86
-205
160
-425
233
-77
-411
314
176
-54
-415
-436
501
477
10
94
-397
-269
112
225
-17
-61
117
347
416
357
15
300
401
422
-116
340
190
-413
-276
-245
-136
-441
-407
235
-380
53
-481
419
158
404
505
442
-298
-300
483
359
325
128
327
-451
234
-459
-15
-166
469
-110
344
-487
143
-322
-398
-37
3
-382
217
225
157
385
450
-282
29
-330
344
325
161
-386
-300
-93
136
-342
68
-358
-90
-340
30
379
347
71
388
-292
-466
26
-140
141
-453
42
456
-217
347
484
-439
-116
70
-54
-384
133
332
-497
-303
272
-425
144
372
-196
136
-169
-76
-419
313
492
-466
-396
-331
249
113
370
-436
59
-300
-421
104
-425
121
185
-500
-345
-277
-336
-457
121
-288
491
261
490
413
-75
204
-81
202
-366
212
-480
448
-113
94
-291
140
-55
-179
316
377
-491
289
-282
-159
-106
470
197
-101
263
-250
-22
-43
393
-249
47
160
-325
-371
-392
-273
227
61
-432
363
285
221
-344
483
-493
408
-87
403
-188
245
-221
-358
421
503
-78
-140
-190
12
-486
178
-325
310
-267
-40
-372
-220
-477
360
-332
-365
45
-155
-335
-67
261
-10
127
307
-437
-98
139
452
-391
186
309
248
338
412
-34
169
185
270
36
338
77
123
328
398
299
434
77
94
509
344
208
191
-310
-509
334
34
-357
-224
-341
67
142
435
433
0
98
-28
139
417
465
-150
175
71
309
510
352
207
-383
457
341
509
-252
-308
362
-439
324
356
292
210
293
270
206
-426
427
296
11
305
190
276
-371
-122
30
-107
-37
150
483
113
483
-442
467
-363
289
504
-47
-143
43
-85
-332
0
-141
118
490
-464
259
365
-238
214
-237
-492
-48
-153
-243
267
-146
275
-479
186
-460
-288
-277
18
14
-452
-230
-153
-328
399
-295
-99
-366
-368
-301
356
181
360
137
247
-165
-267
-34
480
229
-308
-121
377
257
375
338
385
503
427
497
-131
-97
-361
-235
69
32
103
441
-375
-509
-239
362
380
387
-455
52
170
-282
138
-475
-2
409
-160
-471
-260
-9
-315
260
114
369
251
-445
-182
223
-126
449
-20
-272
-376
-8
242
44
-222
334
130
229
-256
209
-270
39
-31
159
-445
-464
-62
-470
262
408
454
-288
-473
408
-242
323
-479
-385
318
258
339
218
49
-11
475
-353
-417
214
-385
89
-146
-122
-183
21
-301
366
-150
492
-142
49
-323
458
131
-249
170
138
-360
-273
233
462
-289
72
396
-295
446
-74
285
420
195
-243
-481
-336
-288
-468
158
-382
304
-396
361
-117
309
-326
323
-154
136
122
488
482
303
-486
306
-200
142
247
-493
369
506
315
456
185
270
-3
-232
102
-324
-79
-75
-392
-214
425
-38
384
374
-409
-458
144
342
372
505
-225
425
226
-119
-379
-496
-310
-216
300
131
-277
139
-299
-228
292
131
19
211
127
378
-349
-96
413
-437
-392
161
-403
487
-207
-320
-52
400
-5
-399
277
470
-171
254
38
-442
-280
43
-33
-501
-299
-442
459
-188
-329
455
-296
372
423
-371
435
-340
406
390
236
485
310
-191
333
82
-296
-20
125
463
367
-180
-369
108
51
344
87
322
-36
-56
-157
92
33
-158
-212
24
-369
-157
-359
-83
-261
-69
-163
-190
271
-406
38
-195
272
-288
334
-185
302
387
-271
144
-61
101
-491
497
435
284
482
-165
-165
-264
135
299
274
-148
-361
-230
-3
497
-293
240
505
-198
-198
-255
-148
-307
-378
-371
-46
325
-497
494
440
0
173
-277
297
-413
54
171
-268
-55
238
-471
-489
42
509
58
-88
108
148
-453
103
-384
-377
-410
-411
76
65
-297
-23
-111
220
-395
25
-119
510
118
111
174
139
10
369
355
440
148
-17
439
-122
-455
-245
-184
-468
265
-414
311
-119
169
-354
-135
45
156
430
-211
229
279
-228
371
-380
-320
-133
126
189
-302
427
-508
-7
112
-298
293
158
-394
411
228
-503
87
-29
-267
402
-31
310
-446
470
-8
-144
-243
163
68
397
427
430
33
101
11
-330
-413
-216
231
208
-374
313
-290
481
-267
416
76
-56
-378
-194
47
-454
-172
55
-297
-234
-253
476
167
-28
46
316
-20
-419
-102
-47
430
193
-379
-387
197
480
-292
47
251
-147
182
129
-120
147
-68
374
183
417
478
-287
-509
99
54
123
-415
37
312
-181
-474
-227
-229
318
-444
510
-58
430
-487
412
-262
-62
443
312
-484
-206
-506
-122
79
-339
-500
-266
89
-491
392
325
212
504
474
251
-427
144
-295
-345
495
-132
-128
-330
472
155
386
-81
100
-167
461
-118
314
-372
-267
-508
-223
-405
435
175
-19
184
-369
164
-196
144
-404
108
-161
-505
-128
42
-220
241
-419
179
503
328
-448
342
-267
-485
-326
-192
-430
-76
-83
33
-11
20
-78
270
118
19
-18
306
329
-402
-154
-176
-124
274
-281
-67
-44
22
369
-73
321
81
102
460
-213
-181
313
-446
-492
117
-504
263
475
-186
206
-409
-273
42
159
452
-314
509
-372
431
-98
0
-118
-340
409
-65
-164
451
-231
318
-152
-348
161
-345
-84
-41
21
-85
-321
-183
404
41
261
-122
-67
36
-484
442
-79
-404
-414
-212
147
-437
506
-28
235
-121
267
-113
-121
-273
86
25
97
203
88
265
298
396
-44
323
-29
-28
484
24
291
-342
-337
345
-332
-33
150
-174
442
262
-187
84
-137
45
61
208
411
-24
86
399
-185
-109
-21
265
451
38
-275
395
-13
233
229
258
410
-447
-27
-468
-140
-12
97
-505
-200
-185
-195
-180
-382
-4
454
178
460
-308
-266
470
90
-399
-66
389
77
-90
-81
-190
444
-152
467
197
-466
431
230
-158
250
-491
223
-34
88
-398
-269
-303
330
-231
-1
-475
86
-347
139
-102
-192
-298
70
-238
-108
-317
-473
-400
101
412
296
-36
219
102
216
-457
22
-46
-136
-382
506
-345
-249
12
-141
-13
282
65
-104
-175
158
437
-380
146
-138
385
285
-225
288
115
149
63
-398
280
-257
-307
311
-439
432
334
-458
266
237
-223
-498
-85
-183
-98
400
-333
-393
477
63
-90
-503
-461
-242
79
-106
416
147
90
-284
-295
-348
-496
-93
-341
64
507
314
408
-466
104
72
-366
-271
-463
59
-462
-390
-505
-321
237
106
465
352
347
-244
-266
283
-287
-11
-194
-465
35
-372
-153
489
-114
-184
-285
-251
-244
475
-67
-45
-124
-181
96
307
-214
-25
25
-125
269
104
-507
-459
-202
4
336
436
-138
156
164
507
-391
289
325
-144
-221
287
-499
-354
-84
-119
182
-413
185
460
-92
-267
455
-176
116
-134
288
44
-78
-360
191
386
3
415
99
41
-278
225
26
495
-81
-352
403
118
113
313
396
-100
0
54
400
155
-422
-393
370
487
166
-158
-329
-328
110
-140
-199
109
206
-69
-136
-289
-112
-292
-88
-144
-293
284
497
-458
-168
17
-205
-246
397
354
-416
-82
67
-177
-489
-249
173
90
-399
114
68
-285
122
348
-262
-32
-88
509
-82
-83
112
357
-98
-475
-372
-30
161
-325
-25
429
269
36
206
-210
-283
-500
126
-387
-175
-431
96
404
-495
-367
-162
-249
-84
326
366
-459
69
325
-291
-176
-55
224
332
505
-190
394
35
171
-451
-183
71
472
471
-362
-318
-256
-384
-432
108
131
-25
-485
21
146
-430
233
-200
489
-339
-479
194
-335
-376
-292
38
-416
-117
0
496
206
328
132
-438
-154
-193
-369
149
129
-74
232
-343
42
-137
366
147
6
245
-38
429
-77
222
-98
467
384
189
-434
361
-345
-104
-234
321
231
-198
-284
-310
-297
17
-78
-68
-358
91
154
-73
-410
-414
-206
229
154
171
424
42
160
494
106
-11
136
365
132
39
-379
-84
-88
85
49
-446
278
152
229
141
-458
82
-297
-476
34
300
-423
-352
-236
-106
288
485
-310
270
-339
-418
-290
-100
446
-493
74
143
-472
-367
214
24
173
-469
-28
448
-413
140
-217
322
-210
-153
227
497
-298
-284
55
-501
-411
218
-281
-476
-240
113
-169
54
-341
-257
56
86
154
498
-409
132
388
173
120
-28
-372
-25
-305
151
79
-113
329
-353
184
-269
-106
228
386
480
-182
248
170
171
-354
135
-320
-59
289
-240
-471
-306
-235
255
361
475
-298
154
374
-301
-239
-30
15
-147
-217
469
332
11
-426
105
-421
469
317
-179
-414
-490
70
-251
451
-112
108
-371
-336
439
-246
187
244
117
33
472
-400
-442
454
147
-64
410
-498
179
165
321
46
211
470
-392
104
-161
373
-346
270
-454
-462
386
-394
-188
15
-164
-470
-231
261
-434
281
-436
-434
82
-214
104
-368
-284
441
-223
2
-29
460
-323
99
-315
301
93
-9
-91
315
291
-119
289
237
167
129
190
-386
1
292
166
99
433
480
143
36
445
-14
-361
110
50
47
-51
-208
-133
63
-159
-239
-322
-239
-500
-256
-100
191
-345
318
400
253
-74
-369
79
481
157
243
334
80
109
195
-8
501
-272
338
-360
-27
-38
-509
383
-28
-268
-242
154
369
-292
209
-343
-355
-155
-280
149
-108
-203
-56
-470
-201
-131
108
53
369
-99
-375
-35
-81
373
-300
231
-474
-453
3
190
92
-379
-507
-482
435
-117
-41
229
-493
-464
472
108
463
-67
213
349
-289
-222
380
-75
48
107
-304
-7
-118
-163
255
-493
158
208
360
-253
-75
477
-241
463
172
-420
-451
-277
-346
-81
221
77
-227
-78
9
-48
-316
-419
-442
-76
233
40
301
251
438
477
-13
429
-498
411
-203
82
-183
-15
482
270
-37
-322
406
-101
200
-308
-10
81
-226
-64
431
453
-174
335
-338
-239
-46
-128
468
-480
-374
-348
-469
108
149
-239
410
-169
-464
-212
314
88
-67
433
329
147
65
259
-332
463
17
-198
-385
-417
480
467
-303
5
-178
-291
-18
376
203
28
-280
106
43
116
-411
430
-106
481
296
-75
-457
-471
222
-377
-381
-299
-350
-57
309
119
485
-39
-239
-45
339
131
-425
-311
-5
106
48
486
148
404
234
-435
-185
93
291
-339
381
-234
238
346
-405
405
267
17
415
-211
289
313
125
7
290
418
459
-363
-294
76
-453
-9
-92
297
-222
-499
381
-339
78
29
341
191
42
-330
-76
-199
231
446
-45
76
68
-161
40
-246
-419
170
-406
119
-226
185
24
334
254
293
-74
246
-415
-385
377
417
-456
452
481
89
-102
-138
-301
-325
-350
-208
-103
-206
59
-391
-327
-111
375
-51
-106
174
467
-431
264
247
-225
357
241
-340
108
-370
-64
404
205
-339
-490
-230
278
-187
380
-438
-122
-342
78
227
-345
437
-67
259
15
35
-473
-450
-366
-22
-332
10
-449
-279
-438
-434
7
295
218
-96
337
258
305
93
-212
370
42
29
-110
485
-136
-408
-391
469
-261
-384
-259
371
-321
262
91
-75
-365
328
322
257
-154
-273
-267
242
354
-14
213
57
214
426
-5
-222
-266
-352
294
-13
-380
499
-287
-136
-139
97
28
240
-117
327
-239
467
244
470
-339
142
-233
-244
94
159
92
-457
-357
344
-168
-247
-85
-109
-6
192
-138
398
305
-157
415
-137
455
180
176
404
-352
-22
433
200
-157
405
-273
79
422
235
-199
-175
406
489
-395
-147
-481
-162
-323
150
441
-406
212
402
-8
128
367
-171
-367
-119
-70
140
87
-275
215
455
-273
-124
-293
327
-185
-253
151
249
14
-312
-213
-43
14
214
108
-284
379
200
294
328
-430
379
91
399
189
-176
88
397
437
445
258
289
-345
-481
505
-222
-417
74
-486
-319
71
278
210
-329
-26
321
282
-390
422
-316
54
207
302
313
-470
-498
5
326
52
-194
-311
420
257
-354
485
-62
243
136
504
171
60
-167
-328
-481
-198
-178
-363
-398
160
-255
39
326
23
-132
337
441
-338
-406
-205
465
464
-117
251
-488
81
473
-317
-244
-28
-109
38
344
203
-151
-486
117
54
85
419
-361
180
41
206
-76
-118
53
424
121
57
-407
-372
217
-261
18
399
283
382
-331
95
-203
191
-491
77
302
307
485
471
111
-485
101
408
167
-176
-496
-79
53
84
475
434
-305
496
77
-457
-464
-234
-384
-28
-79
128
411
344
117
443
-501
411
275
232
122
107
115
510
-428
76
192
256
401
-125
42
425
-95
-32
-440
-465
316
142
486
398
229
-30
-476
285
-3
-484
102
-94
499
346
89
-63
-35
433
350
-454
395
-175
123
-162
190
1
123
-376
360
-21
271
223
409
148
192
54
-467
90
115
330
153
-186
-417
52
312
340
286
91
52
345
-280
166
-382
-435
-168
-173
-214
76
-507
14
51
324
-430
490
361
59
128
407
-415
359
-327
-118
-17
14
-48
147
129
-458
169
-385
379
315
-9
285
-261
352
-235
-116
-433
324
489
-14
-401
361
-374
-115
177
-296
79
-155
-225
-308
372
326
144
157
174
-105
-480
481
-51
367
-34
-68
-238
-60
-384
-118
22
-299
495
-14
-504
-312
94
-438
-11
178
-38
-138
288
205
-15
-436
-505
322
-113
112
-48
46
-414
487
-187
-412
18
-469
-337
-146
-333
242
452
-395
127
-35
317
-396
126
157
-279
-154
6
-191
-497
232
