269
-98
505
13
238
133
463
-473
-502
-198
-304
-81
-355
246
-410
322
266
8
224
338
-67
-446
-463
-177
500
182
-410
-453
5
483
480
357
41
-414
25
241
169
-178
-295
-327
-380
185
-269
-149
-230
281
-427
-401
-420
509
-428
-447
450
314
50
489
-100
175
204
-157
248
462
-198
332
-39
287
371
510
452
216
231
71
-389
200
-71
444
225
182
-290
315
-15
359
-53
-194
-82
-145
-61
168
498
500
401
-19
307
-323
453
-291
-304
-169
45
-218
321
-264
160
503
445
-284
-5
-366
-128
-325
292
-440
-434
190
303
-29
157
347
93
-306
197
-14
256
468
-114
-455
55
53
435
-431
-181
-389
188
-331
-71
4
-404
-459
-303
204
364
293
188
-491
147
0
-508
-94
260
-392
326
-416
-297
358
-425
-52
-385
150
-422
283
128
143
26
-95
-46
-65
-423
-228
-445
240
240
446
378
121
256
118
488
8
-326
293
0
127
-282
-112
-191
-40
282
143
388
86
-402
-431
-35
301
-107
-217
374
-59
120
-59
14
-65
-491
116
48
-246
-389
-10
-298
-510
-479
435
183
-279
31
19
-294
-288
-372
-426
-373
378
-359
238
-380
-203
-76
479
354
465
-179
443
264
264
-433
285
295
96
55
286
-356
-336
-324
140
-56
-460
-59
-376
397
-105
-272
-477
-203
241
-459
468
-353
255
220
80
359
439
-365
-169
-464
108
-139
109
115
166
313
498
164
479
39
-436
144
-174
482
457
-55
-12
-255
-212
-427
-15
-199
254
-212
-88
-195
-509
-297
-156
510
217
421
-494
-387
-264
-8
-7
455
320
474
454
120
63
-343
-248
300
104
-57
-473
325
-450
317
-170
-103
225
344
-432
35
232
-38
-444
-353
-23
35
-503
215
145
207
457
215
-508
-501
-421
406
-36
-212
325
88
-17
-252
-3
-136
273
298
-251
-349
470
484
402
-146
198
218
164
39
-297
-448
-77
474
-72
172
75
358
-316
314
174
-345
-503
-471
145
-128
80
-111
-447
-37
440
155
330
-418
370
-382
-283
217
-380
481
-230
-403
13
475
282
22
226
-204
-62
-31
249
283
-408
348
-378
-9
347
379
-181
379
22
-346
497
177
-445
236
487
-210
-26
368
-108
-10
-50
-338
370
-118
-419
-323
495
-161
489
-133
109
-421
257
-147
-175
-351
361
335
-67
41
-412
-164
-367
-359
-218
496
361
-99
461
226
339
-395
497
254
-66
-37
245
-261
384
220
348
-107
-364
-505
326
-38
2
-201
-210
-130
268
-71
-221
-462
-297
219
443
-25
389
145
204
-281
109
124
279
424
473
206
-196
353
-425
372
231
282
491
-273
-350
99
299
-196
297
-151
-373
-415
206
360
-35
208
-73
383
-370
323
-159
151
51
-435
139
-373
78
-207
-87
-190
-332
-414
-270
-26
362
-250
-386
-286
-72
508
339
186
-312
464
447
-330
-20
-15
-502
-240
-280
183
443
476
-509
-356
-319
108
148
-17
68
5
-66
430
214
22
-49
189
-81
-354
75
504
111
193
-258
149
-118
151
477
311
83
-32
-382
-218
298
-316
157
0
162
116
126
388
-504
-354
222
-91
-429
-132
-251
108
459
441
-343
-456
368
-52
-401
-142
-424
-63
130
-371
61
-103
-476
-171
-150
218
-101
-433
260
374
400
342
46
-301
-222
25
208
-275
-122
420
144
-360
261
-84
219
-372
444
-318
86
110
503
-492
213
-98
-301
-1
-503
160
-333
-10
-7
347
107
274
-86
-335
144
-32
-291
-82
-65
158
-194
288
-132
-355
36
-138
-422
-39
269
-45
-238
-101
500
105
307
303
459
-297
297
-155
-467
-385
31
13
-398
-29
-98
-486
-142
206
-153
-110
-13
68
-171
-8
272
36
465
-407
192
359
-335
501
-101
-263
236
418
-495
482
305
102
80
266
406
165
-276
273
-392
414
361
136
-284
20
-229
-189
-388
-323
276
-332
321
470
-47
94
298
93
332
-484
-2
39
32
-199
-188
386
-391
102
-269
421
-183
-183
-398
-413
-297
418
-342
130
-319
-240
-301
339
182
-221
167
-344
-488
241
-83
-50
381
-29
-475
248
-351
171
384
350
-140
131
-280
-96
231
-178
-158
-316
92
204
-357
341
497
-67
404
-263
-276
178
-438
-45
-434
459
-114
104
229
-263
61
-214
228
477
-228
30
51
-179
32
-435
-76
-247
-255
251
159
-508
357
-370
38
461
-321
268
117
-179
-496
43
357
361
440
-296
483
1
-88
501
-421
402
-87
191
-213
504
161
495
384
-289
69
123
-105
489
-17
257
148
-91
91
132
-176
212
235
-63
498
-138
-493
418
-29
-256
410
-456
474
-231
-371
-382
-86
-387
290
185
371
-233
-304
-187
497
-199
157
-41
409
-302
504
-192
506
-356
55
310
-126
-473
-313
-350
-334
173
-366
-86
285
-94
-429
-452
322
211
114
31
-165
307
-453
-177
124
7
-302
454
22
382
0
360
-270
-339
271
-209
504
-90
-70
69
488
-28
413
-410
8
-86
16
-58
-214
117
-296
-447
-240
348
389
-23
-137
-189
-462
-358
-303
-43
-244
-291
-9
314
-71
412
255
-149
481
-240
76
-268
-40
45
21
83
-308
-170
-114
425
360
-186
-38
-76
-392
-235
503
506
-491
106
461
327
-167
127
384
510
-260
-200
-170
-99
-343
-289
-219
264
-79
475
-76
199
-309
-291
-252
-274
378
-319
-50
440
241
-277
340
210
224
288
446
-498
25
422
-485
398
-119
-313
-454
-398
-187
88
417
-113
89
182
421
-103
259
-151
-34
-435
-12
268
-214
-79
-418
-264
116
337
-147
-62
-170
105
-288
372
436
-312
-168
140
194
-114
34
-436
63
-120
289
-40
102
28
-390
-377
397
-310
177
175
-71
504
255
412
-196
-176
86
462
-346
-480
-270
55
281
39
259
-86
-182
357
64
-250
31
-269
213
391
382
-44
-109
-97
8
438
486
-72
52
-395
-151
371
479
-437
-142
179
-374
450
176
202
320
304
-206
-141
-322
-353
144
446
-404
-469
288
164
239
-60
-124
344
-222
32
-127
279
-96
479
-60
-341
88
-306
282
-233
-1
36
252
502
-333
-52
-24
213
13
-151
-171
-13
-75
321
493
504
141
472
-84
-263
488
30
-387
-491
170
314
-192
94
429
-46
414
-447
391
422
140
-43
225
411
-8
-65
-122
-281
-127
-318
-168
364
195
419
-159
-435
-270
443
-489
-445
79
-108
274
-220
366
-500
-157
24
154
-133
-370
-87
-174
290
409
369
-425
107
42
136
26
79
-297
-425
40
116
259
243
295
-441
-165
-278
-437
-119
255
307
-89
216
208
-112
84
369
-328
474
-42
182
82
155
-130
217
-224
368
-97
296
315
-124
-254
329
265
-329
-401
491
-308
-85
234
-432
-408
361
90
267
-370
174
292
404
340
-85
-352
-308
402
73
208
-481
-252
462
-170
413
-387
439
-17
-391
-423
-290
-375
43
-451
173
-177
12
104
-126
-377
-165
448
473
209
367
185
406
398
-403
-427
-268
-7
449
-175
-447
-321
-220
-303
80
177
-225
-378
120
70
-9
-94
-497
-382
-497
-333
-429
257
-431
-110
-319
493
17
413
-355
-192
-302
-162
431
-444
-207
-65
304
-280
434
-481
-346
392
146
319
-60
230
289
111
312
231
42
220
309
490
-83
120
442
-195
-147
-387
390
-411
191
168
411
2
262
-94
65
466
301
-176
361
146
-70
-85
-131
-146
443
252
-430
416
-475
461
358
-509
455
-83
303
-244
430
-269
-413
298
-20
190
310
-13
-384
327
410
468
-327
-70
14
296
-406
-70
-437
10
-140
-35
393
-35
257
-231
-163
5
236
-392
239
-358
-335
-217
-55
157
82
23
450
-362
201
350
346
245
-484
-391
-484
-186
200
-104
26
-137
240
322
139
-445
119
88
44
26
187
-98
-105
370
319
-224
82
0
-92
124
164
398
116
-432
-275
75
-217
-48
149
-288
-334
256
-124
-424
-194
-407
-46
-431
65
-357
-273
-218
394
-323
-23
211
149
-469
-19
44
-360
104
196
-239
-317
-102
-409
-158
-241
139
-160
-180
267
169
-221
152
-227
222
9
-70
387
-78
-489
-463
452
-89
-452
-251
421
-458
313
-259
-426
-411
-16
296
-239
320
497
-107
459
353
-364
-352
-203
406
-262
212
-399
510
-139
-53
45
417
215
448
-180
456
455
-324
139
-201
-264
-351
463
104
50
307
53
-221
-212
-141
-127
-431
-24
267
86
133
466
-81
406
-449
-183
194
86
506
137
326
208
-116
-485
-387
475
-376
341
259
-210
-191
321
-205
482
83
116
-480
460
502
14
65
207
-189
-347
-206
207
144
266
312
-98
310
507
-398
-190
423
99
-4
19
-444
-159
-209
280
484
465
294
-509
-370
-407
-340
315
264
21
-304
-113
16
481
-458
400
460
-6
-132
-368
-482
-284
140
-226
-361
228
-131
235
170
87
157
48
226
251
-382
-491
381
296
-130
-355
407
-314
-127
-142
262
-270
-70
-13
12
-415
234
506
285
-208
-17
470
480
70
-211
-317
-122
273
-338
91
434
-101
-143
148
-459
461
429
95
-379
-510
192
170
-141
374
-435
7
-508
-255
353
95
-66
-398
329
-195
-111
252
-373
497
-132
352
-14
-461
-479
428
78
-422
-390
-69
102
0
-302
37
-7
-482
-207
-316
-159
-189
-408
-399
-365
-189
-28
309
279
-309
-126
169
447
-450
-133
361
-103
86
-91
-74
248
-16
49
-510
66
-165
268
366
239
-325
-488
-212
-329
462
-174
117
-162
144
-181
-398
-270
276
201
376
267
32
19
-244
202
217
-306
25
54
-256
192
196
-333
-492
-335
338
299
-280
-179
-147
439
-5
407
363
-190
3
-299
204
240
294
279
-128
19
-448
-289
-199
-498
-357
-364
129
-238
-88
99
-360
338
-271
-137
-32
-176
473
-338
-500
-292
-114
51
-93
431
122
496
23
-236
477
18
-479
333
-325
466
-162
153
-348
-60
-198
56
481
405
471
345
320
198
-221
-386
-262
40
178
251
300
-101
184
369
352
510
-352
-357
-174
-327
358
351
148
-332
-320
-53
395
88
141
-152
-284
108
-485
-275
-454
271
127
434
-195
-218
405
-316
442
291
-251
5
9
421
-371
357
37
-321
-145
-385
276
-417
-41
111
219
-287
51
183
-393
505
376
126
-433
-213
-484
-205
-370
473
207
-507
-69
-405
-275
254
272
58
-180
347
-259
500
439
-57
287
58
436
53
99
467
-352
15
94
-80
-505
-451
-354
434
48
-43
293
181
448
-229
165
162
75
360
444
284
-280
-61
-55
420
-364
171
-354
405
355
257
-91
-252
-406
119
442
-329
-227
350
-437
-395
-390
-394
241
438
113
78
-421
8
-47
-217
348
-229
-152
161
304
490
-390
72
465
253
-187
83
-213
-280
426
-127
-409
-171
-309
-104
-37
440
391
-179
-272
-42
-270
303
107
-206
90
75
-343
-51
52
-475
502
288
365
202
-307
421
107
-344
495
14
-153
160
-435
77
-212
-413
-355
443
43
-173
137
-422
-329
507
401
-391
96
-375
286
-262
-136
-9
-435
-203
99
-307
-332
-312
8
-304
-321
-394
218
148
-293
-443
-53
-396
0
507
204
-101
257
62
509
-264
253
-172
-182
-384
-401
496
-139
-342
310
269
-361
179
306
-261
192
346
390
-280
-271
189
80
-238
-252
-242
253
-348
-300
184
-311
-102
303
-46
-63
-65
-304
-215
-56
-267
-12
-244
503
-17
-278
-486
472
-95
-493
-11
206
-411
-116
-375
-209
300
-162
358
-143
-33
-4
-479
221
238
54
-251
-475
401
94
309
-183
136
-102
401
351
205
335
-225
372
61
428
187
-252
373
-260
-320
389
-243
240
10
-132
327
450
380
52
-358
-26
306
273
485
-387
-400
341
232
328
434
-199
-67
40
-39
-139
474
223
432
-31
-97
331
248
105
-384
-310
-461
225
319
-319
-480
273
38
-167
142
-141
118
-486
268
-509
339
390
325
-99
-188
408
-87
-184
-410
491
10
462
-343
-78
-269
317
17
57
-215
114
79
4
81
106
441
334
44
-118
-259
-2
-219
-412
378
-41
-28
95
-61
246
155
447
10
362
-101
-183
-493
478
-19
-218
-402
-437
430
348
134
-387
191
323
-149
402
-141
87
143
-473
507
504
-296
24
-437
-405
-300
30
-302
-397
161
-82
-468
45
-406
-144
13
89
437
271
-168
-359
223
79
-46
-489
161
-424
361
-260
269
285
373
17
15
-18
437
-233
-343
217
-45
272
259
-485
-284
-206
172
314
-57
-113
-273
270
-29
61
156
-443
268
-469
-127
399
45
15
110
358
-155
287
87
23
-181
407
359
-448
506
-301
109
144
418
-207
427
-317
-215
334
-174
156
168
238
-346
275
-392
-263
56
-418
59
269
-464
214
-267
32
-303
466
-152
85
150
-498
-46
-52
-31
-311
-409
149
356
-121
334
354
-69
313
-15
-205
234
-290
-13
395
113
-411
-30
427
166
-12
5
-5
480
65
274
-436
109
-495
-147
84
384
427
157
-323
-408
109
-68
40
-2
250
84
-302
-54
113
-351
-28
-343
-205
-364
317
114
-166
-366
219
-345
446
340
105
-193
379
462
-408
-5
194
-355
326
302
285
435
-8
-432
-32
33
-451
352
-317
63
-437
393
-100
81
18
-50
274
-507
413
64
329
-361
-262
210
-425
-433
-259
473
-119
231
393
-113
356
-90
-382
-357
312
179
-23
253
57
-368
190
-161
281
261
214
498
-506
162
291
-190
-34
1
-268
461
-310
486
-143
242
-305
420
-25
3
-367
-380
-462
488
262
477
-79
-398
-479
-342
82
346
306
-25
502
-384
-191
-280
-71
260
467
229
-148
-245
-370
-339
-289
441
-480
-15
295
285
208
-218
-119
452
343
322
51
372
499
103
132
-241
-305
-304
-260
203
-145
-285
110
-236
73
18
-281
249
68
-233
-124
-340
282
-188
-22
221
157
427
-377
-113
-84
438
54
269
-297
451
167
437
-98
423
486
-169
41
-102
-379
-381
-391
-198
190
-246
-288
370
31
-92
219
-307
497
20
12
221
0
-27
-434
-350
3
-282
-292
-460
319
-85
374
453
157
-230
-161
106
-319
-175
-233
-431
-377
-262
-265
-195
338
326
337
216
407
446
58
389
-250
-509
440
-164
-309
-335
119
-501
352
-78
-66
325
-449
-268
175
104
209
-51
445
-276
353
70
45
118
-257
91
-347
-463
-227
-398
-345
469
-450
-226
508
-367
-2
390
-38
473
17
105
179
-401
131
-256
-303
443
179
-16
70
-92
-145
-123
-360
-228
418
301
-369
366
-496
-87
-367
198
329
458
18
413
183
335
74
468
422
-90
-277
-240
298
-7
230
259
5
190
38
-138
280
445
11
-403
-58
-273
454
-396
-340
-200
-417
374
-471
345
-187
-10
278
22
397
297
297
454
-362
-26
-182
-352
-16
183
-138
-84
-45
284
-374
-39
401
-419
-180
-242
347
431
-197
-353
246
-372
-374
310
-373
-391
415
-145
326
357
435
299
-272
-9
178
-242
23
128
21
498
31
-389
247
493
188
-277
-295
164
14
-107
371
-401
-216
395
313
71
492
-293
156
-44
77
468
-47
383
-100
-13
-166
33
-480
161
197
1
417
-18
22
-330
262
-122
-203
-47
-68
-23
-34
423
252
-433
-123
82
-25
-253
-135
9
24
-288
-294
-217
-504
402
-340
-294
185
338
-116
202
-497
-69
-151
-294
313
-404
166
271
-331
304
-218
286
-212
-441
-379
341
-324
104
41
125
26
364
-418
-363
-318
-259
242
432
495
-475
-264
305
402
358
-87
93
200
5
91
168
287
9
-116
-300
99
-14
147
238
480
-135
-376
-346
-223
-442
-136
-75
-284
-481
187
7
124
341
-126
-153
70
283
36
-510
303
-434
442
-507
-413
-372
-452
341
-318
-458
-346
437
-160
-272
429
90
174
360
-454
325
363
13
-468
378
299
-184
238
-445
-137
-252
34
-360
-164
41
-45
-244
-398
-89
-339
-212
284
-70
418
-349
295
-195
354
-185
-402
381
-252
58
165
113
98
328
63
452
-86
170
-235
-343
59
108
252
208
-338
-109
-197
-375
5
-475
119
-432
-45
-414
-382
478
-145
51
373
-220
-26
-228
-131
212
-282
430
-308
-133
-472
244
-242
-420
-65
168
501
-217
186
172
-505
500
-389
-317
336
-435
-463
-318
345
205
252
-390
-59
86
-507
353
-281
15
-273
-178
22
-190
-443
63
177
-373
-495
-342
433
282
41
21
206
-80
168
-102
269
490
464
11
-72
460
0
-172
396
-41
-268
-289
-192
416
217
128
-261
-114
-342
469
14
297
6
-158
134
-240
75
-118
-84
-48
256
171
-168
177
328
102
264
469
145
327
-351
125
-489
-235
426
279
383
201
-185
456
38
-366
335
270
338
192
275
-207
-270
41
-473
43
-226
-306
-136
-312
508
-204
-111
113
-434
-122
-57
163
-506
154
374
359
-106
38
-230
436
-233
50
-476
337
471
268
423
219
460
474
160
-77
291
-255
444
88
402
112
442
-227
436
321
40
385
485
125
370
81
268
-392
71
197
186
203
-238
170
-239
-442
409
-3
-42
-340
438
458
298
470
217
253
-188
23
-117
164
400
284
-345
-370
-299
414
345
445
118
-294
441
391
159
-486
229
213
357
381
-337
105
-354
-474
-102
442
-362
-296
-189
-238
323
381
-22
139
76
123
-195
216
310
17
-211
-220
-416
-241
200
-257
505
224
-501
495
413
-439
-399
330
-67
187
367
510
-143
-44
141
-237
-475
-326
-487
-410
346
-274
98
-391
-468
125
145
-288
-336
-298
-348
0
264
90
-25
473
-460
-501
-101
117
-469
-215
185
-80
472
79
-294
-244
-472
-11
-256
307
-365
391
108
472
217
-126
56
-102
-496
-177
423
-353
115
388
66
-104
173
-158
-142
459
-97
448
-337
475
346
224
32
487
175
-291
-354
-302
396
-434
-279
299
-27
267
-200
-89
-188
-421
-306
-133
-340
-368
-344
-340
-235
389
-218
-350
499
-22
409
241
76
-373
-89
-289
405
502
345
-185
270
-125
508
443
-327
-59
-403
97
139
502
-263
305
-182
-463
439
-388
316
-86
303
274
135
-157
-444
-487
303
-479
-176
198
-368
9
369
46
-417
-233
-45
-169
-267
97
-36
402
265
-86
99
-73
112
-242
155
432
-456
79
-326
-143
402
-76
324
-370
24
-88
258
386
130
-142
77
23
-347
-508
-26
-95
457
275
15
204
-487
-49
-3
-81
46
-230
86
407
416
187
239
-107
-105
391
115
-243
4
436
12
343
248
394
-27
481
83
-89
113
386
347
218
-130
201
174
264
-314
470
470
-270
300
380
276
67
-397
-437
-336
-493
57
-213
62
205
-388
-427
-144
-496
29
32
129
296
-50
132
-481
-274
-33
207
-314
-102
-208
-410
-149
318
0
-495
382
-71
166
-341
507
-413
248
182
448
-310
-385
-86
-323
-399
47
118
74
219
457
38
50
-491
403
14
174
192
-380
97
-272
-485
-74
193
128
193
287
376
256
-301
104
-230
144
-470
-52
272
-398
317
0
-260
-465
405
275
-180
208
14
261
256
-387
-477
-452
269
-40
-413
-372
-217
464
320
-257
141
253
-417
-259
-328
288
387
249
-469
53
390
388
406
-143
-484
145
-108
-95
238
5
202
345
284
353
-191
93
-216
-125
-428
156
-337
71
-468
-422
-504
310
75
434
-285
229
473
302
-460
-476
-154
381
111
198
187
25
-387
-215
-356
245
-458
507
-314
-283
259
-67
-447
227
378
-173
96
498
48
282
79
-75
-232
13
428
-167
356
10
18
-184
327
305
1
-283
-112
-211
-245
213
106
-419
-65
-168
-128
-41
295
221
111
29
110
-360
4
-132
-426
286
296
495
309
-280
-32
-95
-192
-351
-162
425
-129
-196
-134
-423
-132
447
161
-376
-505
142
107
334
-279
-424
14
435
-475
-439
207
358
102
475
430
-394
361
-87
95
213
-35
418
-305
-57
394
74
348
469
378
-232
251
407
137
422
-182
-28
93
14
494
-116
-198
-80
355
383
-402
287
-462
-190
10
-409
-256
138
-114
15
134
51
31
-368
-110
-227
-478
58
59
-226
176
-148
161
-271
-308
-228
37
-282
-324
-136
-137
354
389
-305
130
288
-262
-448
145
495
-501
170
407
30
46
310
-253
322
366
487
291
117
436
426
365
-302
-206
72
154
44
95
425
-256
-252
-145
211
-466
354
-93
-497
-499
-25
118
-353
-355
-370
268
-125
-368
-400
431
-102
471
-456
9
160
-397
-446
438
375
112
90
-17
-235
413
-503
471
143
-57
-200
-424
453
-39
-421
209
-295
-235
444
-52
-478
-404
295
-292
229
-196
389
181
-430
-98
-70
259
-258
-158
-430
154
-350
499
306
468
44
86
274
427
-44
322
-87
324
365
203
143
-357
146
-128
445
493
-285
80
381
182
-23
-148
-299
415
260
-224
61
104
-319
-247
-67
-209
-1
179
-497
480
-387
-46
510
-111
-262
-202
-39
37
-370
-311
-86
86
382
410
140
98
-227
-441
424
344
237
-330
249
-119
-318
-91
-331
-59
-18
-279
-190
56
317
-344
186
100
502
-309
-52
-260
338
180
-278
-185
236
127
464
-317
-114
479
-462
-355
-338
483
361
-71
51
437
-415
-264
199
391
300
-419
-460
480
453
-314
45
110
342
227
280
139
354
-227
-264
-349
-383
246
34
155
-95
-39
-464
138
476
-89
73
433
-98
253
429
-224
273
441
-150
506
-260
-154
4
205
-124
-438
-408
-59
67
-317
102
324
-192
406
111
228
-48
-285
175
505
-145
-433
310
493
319
-437
362
386
-426
-277
76
-210
-124
14
488
-69
212
398
-140
364
350
-245
-412
174
391
16
-497
148
145
76
-471
93
354
-424
-112
-504
373
-279
-38
316
-35
263
-254
199
311
-261
431
-111
170
-386
390
389
146
-493
-49
-125
265
5
-509
81
284
-304
-352
24
-371
378
-87
-454
-221
476
-193
229
370
276
449
156
-510
-459
-14
145
159
402
