67
-24
-16
27
-7
-66
2
-1
34
105
14
3
18
-56
8
39
-93
90
-113
49
86
-67
49
3
124
-55
77
-119
-2
-38
-105
-93
-80
-64
117
78
119
14
9
2
105
38
6
-51
-82
-22
29
-27
-14
18
-110
-84
-70
-78
-4
45
-85
16
-90
-52
-63
65
-71
119
6
-16
97
-32
69
42
-118
45
-77
-121
-72
110
-104
116
104
-59
-114
-16
-52
-76
-77
-70
-85
-104
-15
-52
17
-61
73
-33
-21
-37
-60
-23
-117
-89
72
37
-1
37
-48
-1
-87
-54
96
-30
60
29
-15
-42
108
53
40
109
-69
-73
124
101
38
58
66
-19
-15
-110
-116
-119
89
-24
16
35
78
-6
109
126
88
-32
108
55
53
-10
22
30
5
17
-7
-119
-34
-9
-91
-45
60
-65
102
74
-87
-93
-46
48
109
98
100
113
93
57
-82
-126
-30
0
122
53
-39
25
17
-66
30
47
-125
-17
-111
-43
112
-106
8
-93
36
-103
-96
102
108
-30
34
113
-21
-97
-90
16
-78
25
124
-43
72
90
34
52
-95
69
-49
-98
72
-39
-79
-17
73
-28
53
40
45
61
-83
-89
44
78
47
27
-84
-115
-49
88
62
35
44
120
39
7
41
-18
-56
17
84
-95
-113
-31
22
35
122
-69
-1
-108
22
-106
-120
-87
113
-2
66
42
-68
-108
71
-68
86
69
72
-100
-106
-112
-79
-10
107
81
-75
-45
-35
27
49
-88
-36
-11
-60
57
-20
-11
97
80
-51
80
-106
76
-51
-113
-28
-67
-55
21
29
-120
-50
84
-69
40
-20
42
65
55
-81
53
-103
25
88
101
-95
-85
-58
-44
125
57
-119
-78
-124
35
-60
-3
99
-33
-54
40
-126
73
109
-27
45
-91
-83
-56
69
87
-3
-120
-92
-92
-101
-14
8
-75
102
-43
-55
-57
77
-106
35
95
83
20
32
-75
-108
51
104
-58
6
3
96
-39
-65
114
-109
83
-36
38
9
7
-114
-97
93
-112
-46
-23
104
62
-66
-91
-26
-35
-103
-36
-106
-6
-12
28
-119
-59
-80
-47
-68
-86
110
-71
17
0
15
15
114
-62
9
-74
-118
-28
-34
95
103
-26
-6
-53
32
-83
-91
63
-5
-82
-18
17
-30
26
-90
-40
68
126
-25
105
111
-5
-89
42
18
23
96
-41
-113
-13
-45
10
56
18
75
80
-77
60
37
48
-28
36
73
-85
96
-72
-29
42
70
101
-75
-50
-91
-58
-112
112
62
56
-6
15
38
-95
0
66
90
71
-70
-9
-110
107
-10
-76
-46
44
48
-13
119
-68
-76
121
-36
31
113
-95
-115
-34
49
-1
8
78
-25
-8
94
-108
85
19
-17
76
-105
5
105
-99
-78
0
-54
22
-57
-111
-80
-102
77
45
-114
59
89
62
-120
-47
10
40
-43
-98
124
-59
35
74
-4
69
73
66
32
110
53
-51
85
-108
-12
-40
-68
-50
62
34
110
119
-24
52
-39
-72
11
87
60
-97
-17
-111
-12
94
-29
55
-27
126
-102
-64
29
-30
-46
-73
-43
77
45
28
-21
-66
-81
-83
-18
117
22
-125
40
-36
66
112
44
115
43
-35
-15
-120
29
-45
109
86
106
-27
104
-32
-109
-31
-83
-119
-92
103
-16
74
98
25
80
63
122
-75
-15
100
-100
113
26
73
118
-107
39
-36
6
-75
-8
109
85
117
-107
-39
-25
-72
-126
38
101
33
-66
86
63
-1
112
4
64
-116
-47
2
97
37
-75
86
111
62
-11
0
19
-81
113
-118
-122
-8
115
64
-27
-88
-76
-67
10
-72
56
-53
52
-77
5
33
-6
13
0
115
96
-33
-75
-119
3
-14
-23
-82
-101
-28
2
-93
83
-69
-53
-81
-22
50
-4
-104
55
-84
-48
-76
-32
103
66
59
50
-91
-26
-90
107
-106
115
-106
-4
103
111
-53
98
-32
-107
10
-21
0
-54
-26
44
10
0
-33
70
-74
11
87
30
72
111
82
16
44
-81
-63
3
-7
-116
28
-92
26
96
-119
71
-80
111
124
-49
11
-68
-3
88
39
-25
-84
-41
-41
52
87
-84
-115
-125
-31
-27
23
-26
72
-26
-111
90
-72
83
85
-106
114
-56
-10
-38
53
126
61
-106
108
39
-31
-6
29
99
111
-32
-70
-81
-119
-83
-23
-62
120
11
53
-86
-55
-73
17
20
88
-123
-108
-98
8
-94
10
14
40
-117
45
-13
0
53
117
-27
93
-117
3
90
-42
3
25
26
40
49
6
82
19
105
5
47
97
-40
121
89
7
-65
-124
-73
-84
-83
-51
81
-25
-27
45
90
15
50
94
-116
94
10
-34
87
-44
-113
-39
-12
0
-27
-77
-56
-44
9
101
0
-16
-21
-14
110
8
123
-126
-78
-108
52
13
114
-101
-14
-92
74
125
84
115
107
21
20
-120
56
72
-66
-110
113
63
-11
82
-105
-71
51
-115
-112
-2
-116
73
-24
-56
-42
68
21
-42
-113
114
126
14
20
12
112
-105
18
-68
7
-5
89
-112
-42
-115
113
16
-66
104
-99
126
87
-34
3
4
-48
28
-120
-120
2
116
22
86
113
-117
-69
-35
59
22
-63
7
23
-126
-124
37
49
-2
-16
97
80
52
-89
14
-102
-91
82
-125
-31
24
-68
27
104
30
123
-47
114
28
-118
53
-7
-103
-34
2
-120
-61
-11
116
9
92
6
15
-6
-116
-6
-90
63
19
-75
-97
-57
72
37
-2
126
125
39
114
103
-59
45
-92
-66
96
72
88
113
55
2
88
-80
4
19
0
-59
53
-13
-17
-12
-54
-49
93
-9
89
89
-18
27
98
-108
1
107
92
91
-5
38
41
-102
-21
-110
7
37
124
-32
-2
-46
84
-67
111
62
-12
-83
83
73
2
76
44
95
-114
73
-39
-33
125
98
-57
95
122
-16
34
-79
-32
-56
22
-100
125
89
23
-16
121
-123
-1
112
45
73
81
106
31
-94
-11
78
118
-27
54
106
72
-110
-17
-67
-31
-121
24
86
-64
-59
39
-9
-4
124
0
-86
68
-22
67
-97
-94
47
-125
-86
-68
91
71
-31
84
44
66
117
49
53
-12
-69
121
-90
-121
-39
-114
-106
-16
-62
-79
-42
85
92
11
-123
92
-16
-12
-38
-32
65
88
21
62
11
-5
99
68
-87
-103
35
55
11
75
-19
-84
-110
-34
62
43
7
-116
-67
-50
39
-71
69
55
63
-122
111
-70
-37
33
39
-121
-94
120
97
26
-74
120
84
120
89
25
120
-83
-113
-19
87
-64
-1
-56
-18
57
120
-26
24
-85
-77
-119
105
-52
14
-17
72
119
-37
59
45
85
-15
-108
-118
-18
-27
-117
126
-93
34
-71
-96
-57
-111
5
32
-79
-80
-9
113
-117
68
25
29
82
15
102
36
57
-7
28
-106
82
-25
114
-44
81
20
52
-34
-73
-124
23
-112
-81
-8
97
-95
-104
-85
43
-13
-55
114
87
87
42
53
23
-16
-52
-38
-126
-59
77
-12
-107
62
12
23
-58
-73
56
84
-43
-2
81
91
-114
-31
-56
103
-65
-14
-123
-60
123
-6
-30
-96
-116
5
36
-110
104
-34
124
-35
111
95
61
117
8
11
-67
79
-65
-79
14
100
-29
24
-99
-100
-11
33
36
100
-13
-117
-48
-61
94
122
76
0
-109
-107
41
102
-91
-22
-33
-82
13
81
39
-45
-55
-10
-37
-45
-125
-33
15
65
61
33
117
-56
110
-45
49
7
96
-67
113
107
-119
-61
-58
-15
-9
74
-49
-61
53
14
-43
117
29
56
94
21
103
-75
-45
62
71
22
-68
48
8
116
66
99
-92
28
0
27
-67
-1
2
6
-126
69
-10
-29
84
102
-95
-81
60
-95
16
-20
-119
-83
95
-13
23
66
-60
85
81
-120
77
-18
-109
119
-72
-26
-90
56
-17
0
-67
-123
88
-13
-61
-62
11
90
11
-96
69
-15
-34
-6
29
-48
33
-95
11
-11
110
32
-51
115
17
-59
-52
-47
-50
78
9
-105
-99
48
49
43
113
84
77
98
-15
-107
81
57
-119
-115
106
-10
97
113
-46
104
44
2
119
28
-107
-84
-12
-86
-13
-88
90
116
-86
-105
4
-73
17
-52
109
75
-18
89
-102
-14
-24
-92
-64
-52
112
-24
38
71
28
32
105
-12
45
32
-120
-102
23
-60
-113
-32
23
-86
-68
54
26
-50
88
-46
-76
-24
-87
-23
-84
107
-65
-110
-92
-84
19
-12
-87
65
45
-119
-75
0
-108
-64
-93
-33
5
58
-35
-81
-66
115
-17
-91
-1
124
-68
-31
81
46
-13
-104
79
-5
23
122
-89
53
42
-104
-37
-121
-49
-96
-13
-55
109
-123
-8
-77
-54
-55
5
-25
-21
-50
98
64
99
47
-59
-76
93
-19
-66
-51
-41
-55
10
-36
12
79
40
71
18
100
105
-122
-22
34
-123
-58
-92
-105
60
76
-122
-109
-66
10
1
-90
-98
-45
45
-20
-59
106
-25
68
-84
67
-41
53
-110
117
26
105
-69
-121
40
-83
-53
-25
57
-55
-47
80
93
-93
-118
94
-5
-125
5
-13
81
89
-82
121
103
-122
61
1
73
67
90
-99
-95
6
-69
-82
0
36
6
15
-126
-72
7
19
96
-86
-92
-12
-34
27
-51
28
-117
-27
105
112
-88
-113
-25
106
125
61
-65
-67
-113
109
113
-48
31
66
-91
89
-90
1
34
-54
-42
-24
96
64
123
109
116
-108
118
-79
-85
50
56
118
66
57
-14
70
-12
-20
31
76
46
66
35
3
88
-101
40
26
107
81
118
-51
-89
33
1
-72
91
101
-69
-10
-17
-87
16
-3
-111
28
-90
125
78
-18
-10
84
-98
124
-78
64
61
-13
-8
-19
82
-43
-107
-117
-1
98
6
8
-58
22
3
-102
-84
83
-100
23
-72
82
52
-111
89
-59
41
-29
-33
-87
-112
77
-29
109
-124
101
-123
76
26
-79
-74
99
-79
-25
-8
31
51
-63
83
-15
-46
-103
107
64
-16
83
-23
76
112
-120
-90
58
-68
-116
105
-100
-43
29
-1
47
-66
-61
-18
-88
-59
-33
83
-101
109
109
-125
2
84
-67
67
14
-20
98
50
-38
40
-81
72
-107
-123
0
-92
26
-85
-31
48
-4
1
-44
-68
111
-63
26
110
-50
50
22
-3
115
-120
-57
-53
53
36
-82
-18
-61
116
41
-30
-115
-96
-10
25
68
-114
76
14
-46
90
24
54
85
-11
0
41
-51
114
56
-35
43
-97
-102
-97
38
-113
20
92
5
87
-41
89
20
67
-119
54
-73
-22
107
36
13
69
-121
-99
-29
-100
-63
-58
11
-78
-8
-95
-92
-61
73
-122
-45
46
3
118
-36
-55
36
-110
-53
65
66
82
-21
39
74
-71
-29
87
98
91
32
-19
-6
-3
-9
14
-79
66
-126
32
-63
-123
75
54
6
-14
75
-55
-63
103
-110
23
-66
-44
-37
-60
-113
-39
-21
98
-24
55
62
60
69
31
-113
108
-109
84
49
8
70
-2
94
26
97
93
-51
-126
27
-30
39
12
38
59
-115
94
11
121
-57
-124
-53
89
29
15
-39
39
-8
-125
55
22
123
-3
38
-63
38
-88
-82
66
-44
88
16
51
-58
70
-20
74
-82
-24
101
-111
-80
57
-27
105
-17
51
21
-45
29
-21
64
-115
29
-46
61
36
-92
25
98
50
113
12
113
-24
-84
-24
65
16
45
-96
-94
30
19
-116
-63
-85
-54
-40
39
-73
66
76
-25
-105
93
-63
-100
37
83
60
-121
-30
-20
-61
-85
-22
-60
28
-53
8
-40
60
-72
88
45
11
56
7
66
-93
-100
92
-98
105
-108
12
-83
-122
15
116
-43
123
43
64
77
39
73
-89
50
62
33
44
-31
3
55
-70
-100
2
9
60
8
-50
-14
90
-24
55
125
-40
45
110
-49
-105
105
-2
31
-105
10
-118
-82
31
-10
-24
126
19
-117
-37
-34
16
-13
122
110
-31
114
58
61
103
2
-9
64
0
99
-125
-4
-13
-90
-70
115
-111
-116
-27
-122
7
115
4
70
3
-74
95
33
-85
97
96
-71
-125
37
-111
-66
116
-121
73
111
-48
-70
-125
76
-8
-12
-110
26
98
-51
8
121
-40
28
-8
-92
13
122
10
-37
88
62
-108
-30
-64
-96
70
102
-55
91
85
52
-27
25
21
-96
43
59
102
-126
-32
-8
-89
-62
-28
-4
-85
28
35
-55
56
-52
-101
-89
0
44
95
-44
-48
-109
14
87
-48
-32
73
-107
-34
-120
66
114
61
34
-118
-10
108
-78
122
79
-93
54
50
-20
75
71
-92
10
-68
-71
104
-54
-96
124
121
-48
23
-121
-107
-27
-123
-10
58
54
66
37
-81
10
35
92
-4
42
34
0
54
57
-60
-62
125
-38
23
22
57
41
78
-9
-38
47
83
-102
-15
24
-33
-57
115
97
-14
-14
-125
109
-70
46
-26
-2
59
-79
88
-96
77
98
38
4
-63
-23
-95
-33
-79
-25
-85
-103
-118
122
69
33
0
90
-57
-85
39
-58
49
-29
100
118
-5
58
-23
58
1
52
-22
-82
-103
-88
-54
115
-17
-87
-27
-15
54
113
-84
28
69
106
83
52
-102
48
59
81
0
72
-67
15
83
-21
32
-17
-12
-31
-11
5
-21
-108
-45
58
28
-77
118
5
-84
8
-66
-115
-117
118
-75
-117
-4
32
23
80
91
65
-55
-21
119
61
-10
6
97
-25
71
88
109
-16
20
-108
-41
50
118
1
46
30
-26
-104
-87
115
126
-34
-61
68
76
29
-10
-66
29
-79
116
48
-85
68
13
-123
82
-85
-65
-47
-123
64
-104
-2
-117
61
-4
-117
-120
89
74
-44
-72
-101
-104
-97
51
73
-37
-105
-6
80
-8
25
-56
-116
83
-122
45
-81
-38
-52
-34
14
-61
24
5
44
116
-54
88
-29
77
-29
18
-87
18
-3
-4
58
-117
40
83
-87
95
68
54
112
78
-31
-75
101
58
-109
-54
95
-66
94
10
-15
68
-99
126
-69
-47
100
24
3
-36
-101
-59
-65
18
-17
-4
5
-29
-115
91
-33
-21
75
-99
-76
-9
-118
-21
-46
2
12
-100
-12
106
-99
-94
-116
76
43
53
89
-75
-82
-67
-94
34
17
-84
-46
-105
-17
41
-93
-6
-39
-110
-14
-56
95
-4
-53
60
94
-78
126
92
-42
0
-81
-71
-86
-39
-98
-101
4
47
74
38
5
34
30
-109
40
57
7
83
-125
71
-113
48
-82
-27
21
93
39
88
84
25
90
-104
-54
-109
-113
-125
-100
-37
-96
-86
83
94
33
63
67
2
76
-24
114
-21
-47
-101
-94
-108
124
-43
124
-68
105
-55
71
66
-27
39
99
0
94
-24
-100
44
66
2
29
-10
56
21
115
69
91
99
-6
-35
107
-102
-123
62
-11
86
97
26
-19
115
-47
52
94
89
-122
-25
12
1
-17
-56
21
-126
104
24
45
3
84
-1
-38
-42
-12
-103
-72
-82
103
-104
-32
112
76
-39
-42
43
-86
31
-114
-44
62
-3
-113
43
-110
120
50
-22
-15
19
-111
-49
-100
45
101
99
-102
-23
95
-87
-9
31
79
-76
-112
-11
65
49
97
28
-104
74
83
-19
113
52
-71
-59
72
-94
1
100
46
-71
-100
74
92
92
-101
20
0
-32
-35
-101
52
82
-43
47
-35
77
-1
71
-86
-89
-53
95
-124
125
112
-15
40
-72
14
-42
-73
-102
-24
93
97
67
-74
-9
-76
66
104
29
-19
70
-63
36
116
-20
-119
-37
-118
13
125
34
79
13
55
38
103
11
77
-107
67
-11
-24
21
0
-19
79
14
-87
118
43
43
-29
90
-125
88
-96
46
-90
60
42
5
-59
52
-44
-86
-113
-115
-16
92
78
70
0
20
108
-36
61
-108
15
-94
-60
-22
125
-49
38
72
106
94
61
12
57
35
80
-118
-9
-28
-1
-17
-110
79
-101
102
-110
45
-75
31
78
-11
57
-13
110
-51
45
-19
40
-87
3
-46
-111
-26
38
99
-9
-88
27
25
22
-29
90
104
-105
-46
-56
-12
26
48
101
50
-2
-109
-64
95
88
-96
-10
-50
-12
18
-103
-47
82
-44
-73
20
-12
86
-89
-27
94
97
-99
-80
-62
-85
-6
-6
22
-5
-17
117
32
-20
-33
-30
-66
48
-98
-20
65
51
107
90
9
94
99
23
73
90
-100
-50
-34
40
58
112
-101
-46
103
-77
102
20
-114
57
41
87
-122
63
45
-66
-72
-44
-87
21
12
-43
-116
39
96
-106
-83
-126
-47
-112
10
-83
13
-101
-89
-84
-100
-80
61
-7
-121
6
-17
101
20
43
111
-70
-125
81
-122
-64
-91
5
-54
76
43
1
-6
88
-34
-49
96
36
-34
97
4
38
1
-11
-70
46
-71
-64
63
-14
0
72
26
-23
120
-107
-102
75
-116
51
111
-123
39
48
-36
82
-77
52
-6
-84
0
105
-1
-44
-118
18
114
97
52
-78
-121
60
91
75
42
123
-11
50
-97
4
-21
61
116
48
57
112
89
-50
47
-116
26
76
-14
-45
-91
-8
55
58
35
120
-39
-80
79
10
123
18
-99
37
-72
87
-30
117
75
-82
-74
-123
90
-95
117
48
-60
-54
-37
35
-24
79
99
-82
-59
85
48
-81
-32
39
-11
-76
-116
-68
1
46
-111
-47
-38
-115
54
-43
-121
-119
51
69
-62
10
-9
55
-80
112
108
73
-92
-11
41
36
74
-89
-124
67
36
60
27
-70
27
-106
-17
31
-66
-93
-59
-29
84
64
-76
-83
-13
34
17
-126
10
-74
-4
-18
81
-48
67
75
1
-116
-114
-12
-120
116
-51
-10
115
28
120
-94
31
-91
54
-2
62
-57
-91
-12
-123
-108
-83
-53
-12
-63
-113
69
-116
87
103
117
93
33
-12
15
74
8
-42
-36
-13
111
-87
-102
-122
33
-101
87
-95
80
73
47
66
-33
68
-47
-102
-40
61
85
34
-37
-7
103
123
-27
107
107
-55
-100
-90
121
116
47
88
78
-5
104
78
77
-73
94
-6
125
-14
14
-32
-5
-18
-64
-39
50
68
-21
-2
22
30
21
11
-12
13
-34
118
-101
103
13
110
38
-77
-101
-81
116
47
-61
-87
27
-39
-59
-103
114
62
-33
116
19
11
121
-59
-60
73
-32
-42
-66
-126
-87
-18
-48
97
-23
97
-73
-108
-62
-102
-64
-51
-65
-114
-126
94
84
57
66
-49
79
21
112
22
-6
106
15
-36
99
86
36
114
17
-87
-102
-75
-33
-36
-32
-38
-13
21
-121
-17
29
-74
113
-90
-32
-33
101
102
-4
48
29
36
99
-122
25
31
-35
66
-26
-68
-118
-39
117
9
102
74
-26
-83
91
-24
-82
53
75
-98
35
26
101
121
-28
-7
-80
87
86
-86
97
-87
-113
111
-83
4
44
70
-22
-29
-1
-5
107
-122
-116
-76
98
31
-74
21
104
-57
70
23
-26
-125
-23
42
54
-58
-28
98
89
12
-56
-60
118
89
-73
-66
-105
-19
-7
-87
97
81
30
-81
-71
-62
-42
112
103
78
39
115
107
116
-36
-3
114
-8
39
-2
-115
32
-32
73
66
-20
-27
12
-109
122
115
79
92
14
-92
17
109
78
18
45
33
-109
-61
30
52
-124
121
81
116
75
65
-100
38
36
-50
6
-121
-27
-43
12
-107
7
-30
-23
45
60
-40
-100
24
102
88
-48
111
-79
-35
-70
-66
22
-17
-102
-111
-108
30
119
100
-67
117
98
63
-117
120
11
34
-100
38
-72
114
33
86
-23
-34
92
-108
12
67
55
28
39
-36
119
-28
82
117
-85
-112
126
-93
-113
-49
-50
23
-44
-74
109
-81
95
-66
-26
-71
87
-75
20
-110
-48
-66
107
-67
-77
35
52
-37
96
-92
-68
79
16
101
-33
107
-42
-24
70
109
3
107
69
-94
65
-59
31
-119
108
-119
73
-55
60
8
-39
65
62
-91
29
-113
-109
41
81
-44
-121
-113
-93
-84
-1
16
7
120
62
-91
-25
125
126
28
39
-118
116
-110
93
-5
-91
-24
53
-98
45
118
50
108
109
64
126
90
-99
29
76
-88
61
-22
11
87
36
-110
-126
-7
70
125
108
-109
-88
-56
102
-111
21
44
3
12
-107
-70
107
-83
-108
-103
36
1
80
117
112
46
36
123
-74
47
100
-68
-72
8
74
-108
-87
-59
-17
119
86
-1
74
32
-23
95
-27
-34
-1
77
109
-41
51
-75
-86
85
69
-88
62
86
89
63
93
11
58
3
88
9
107
-92
-116
91
-111
-31
68
-101
81
13
-117
-51
-5
65
-39
-69
75
79
65
-12
63
35
-90
-96
-26
-3
-83
-20
95
-70
-6
-74
-53
40
-92
-82
124
13
-34
21
11
75
123
-13
-32
122
-86
46
78
-71
-15
19
-87
-120
-102
44
103
36
-54
85
-72
-121
-2
-97
-35
-26
-33
63
47
-79
97
-49
-42
42
-35
98
50
6
81
96
-5
-21
84
34
56
-114
26
-91
-74
-36
-95
-10
-92
105
28
28
100
14
-4
-97
-15
97
44
-42
-5
-90
-122
-25
27
33
121
-35
123
29
115
76
-79
-18
-124
-117
-6
-64
36
57
-12
42
-113
-12
103
-95
105
28
-40
64
56
41
-17
-61
-84
22
-5
88
-114
-95
15
-43
78
-105
104
114
22
92
79
2
-13
109
123
94
-100
99
-66
105
-28
-13
105
5
-63
-47
-34
-88
111
118
-3
-103
87
51
-109
-8
122
-19
-7
14
-87
-78
96
-124
-38
-41
-81
-113
59
72
-83
50
0
80
46
30
-51
-17
74
-80
125
-111
-71
69
-90
-53
26
-18
-68
76
-66
-15
34
62
-13
-29
