-95
-121
-7
51
118
53
8
73
99
115
-77
-33
100
99
42
-92
75
-120
78
73
-26
-87
61
-101
-6
-114
96
57
-96
-125
-63
-71
-19
-97
36
-4
25
101
79
28
-101
17
93
110
-83
-85
16
31
-112
-64
-97
-74
54
111
58
99
52
-2
-126
-7
67
30
98
-59
-102
-25
90
-31
-22
-45
-12
-91
-46
96
-30
36
3
85
86
39
110
105
54
-56
70
36
86
-53
-114
31
-5
100
-96
-32
48
-35
-34
17
-62
64
96
-44
-40
91
101
85
-122
85
-37
0
-20
-63
56
-29
-123
34
-94
28
-22
18
-55
-101
23
-117
68
32
3
-3
76
-72
-4
95
-42
-41
53
47
-57
-30
-120
19
-85
-25
10
-73
-2
-108
89
-2
17
-17
-116
-95
43
59
1
-44
71
23
-14
-106
-81
-80
4
-70
65
-79
-125
-49
65
69
-14
125
-51
67
26
-14
104
82
-45
114
126
-59
-9
70
79
84
-101
107
3
32
37
-35
-51
101
8
92
41
-10
50
8
-19
115
116
33
85
-81
-125
-48
-93
-65
29
-31
-65
-75
-35
-87
-8
13
84
-102
-4
27
-72
44
86
55
53
74
107
86
-90
36
109
97
62
75
-15
103
123
120
24
-120
98
56
108
29
-71
-120
-23
-67
14
5
-78
-57
-126
85
-68
-57
-95
-62
28
-10
-19
55
-29
95
-47
100
-82
-65
-6
61
98
-46
-107
93
-51
-6
-80
31
-59
64
-27
42
125
15
-8
-4
-16
80
12
-99
90
-69
-76
125
-86
114
-38
68
-30
86
110
-22
23
-111
66
124
-110
56
96
-122
-30
93
12
-102
104
112
8
-23
89
14
-44
-82
44
-78
8
-77
65
-80
12
-112
-3
-103
-77
27
-96
-43
-126
97
-59
22
-55
-16
33
11
-79
89
1
74
-21
101
-94
-123
-78
15
82
93
64
101
37
-120
-4
6
95
-16
-46
-93
16
43
-81
-49
-104
118
7
30
-55
-45
-66
67
49
52
-8
-99
-124
-36
-93
-123
34
24
-52
89
-98
46
-19
-19
57
53
-21
-49
11
-11
87
-44
55
57
75
-83
86
34
-55
83
29
92
-120
-34
-79
62
-68
-59
93
93
6
-42
-106
-19
-75
79
88
3
3
-48
-118
-69
16
45
-75
-108
-95
97
95
-78
-37
3
-8
-37
-60
8
-90
45
-1
-30
12
48
27
-1
123
114
-119
105
7
5
-29
7
-71
-121
65
-103
-60
99
-60
-103
100
-57
78
-92
-42
7
-123
-34
122
-40
53
-104
81
105
-40
49
26
58
-32
-7
-31
90
-27
103
-39
61
10
33
-86
-105
2
-121
-87
-99
-83
-79
-111
-35
36
81
-52
107
-53
-93
68
20
126
89
100
-41
67
-110
-84
-23
-38
-56
13
-3
19
-111
7
107
17
-94
5
-74
117
46
-108
65
91
-14
121
-124
-100
30
-51
-58
-83
75
87
76
45
-7
48
-76
-40
52
54
97
104
-86
-67
-29
-27
-16
-45
52
14
0
-70
109
21
42
-101
96
-39
-36
109
-15
30
22
-45
114
-39
-124
22
53
19
88
-51
-10
82
-101
-76
-1
-125
98
-84
54
-123
57
38
57
72
-78
58
94
-40
-77
49
70
-98
98
101
65
29
96
-77
-66
-67
-57
-78
116
44
64
-64
45
-32
48
78
37
108
-123
27
118
-47
-49
73
58
-19
-31
112
8
-61
-55
55
45
75
2
-28
-70
-46
84
14
49
57
-110
118
-100
-69
38
125
22
-55
100
-47
77
67
-64
99
109
68
97
-76
93
-31
35
-43
125
0
98
-16
29
-8
122
44
103
-122
-30
10
-123
106
8
-56
27
-58
-84
71
-110
-48
6
-78
-113
-68
66
-124
-75
-45
-15
4
-84
-7
108
83
-76
85
-93
70
-105
-79
76
21
-105
-59
-30
99
-92
-85
-79
49
20
9
-51
-71
-104
-77
-1
70
12
-45
-91
-83
-84
-11
74
-93
111
106
-126
103
-43
-45
2
126
65
-29
97
23
-54
-92
-62
-72
11
-49
44
59
81
-22
-46
29
94
87
0
-97
85
-120
-63
82
-40
-25
112
63
43
77
-93
80
24
9
52
-6
-77
-97
112
88
87
21
-104
16
-91
90
19
-80
-21
-20
105
112
-73
-18
-124
-88
69
123
-50
-3
-11
-87
-106
-117
29
124
85
89
-27
34
-16
-54
-19
-53
34
-14
-25
13
-107
8
-114
-1
77
96
95
-16
-110
116
81
-57
65
30
34
94
97
-5
34
85
109
-108
-98
42
97
-66
24
-91
-22
92
67
-16
-23
114
32
-57
103
30
-47
-81
-113
8
32
16
39
87
-84
-55
9
28
30
88
39
-30
40
-10
58
-53
-19
-1
89
109
12
-81
-46
78
-46
17
38
-86
-65
126
20
-8
-63
58
-32
93
-49
-33
90
-22
-119
-43
-117
61
63
-25
-106
59
-118
-76
-102
-83
13
-113
-123
-25
113
31
-3
39
113
-55
17
-8
122
-115
34
-58
123
36
76
-76
-90
112
74
53
87
88
-121
-18
121
-20
-48
-21
-20
65
12
71
-39
122
-66
-60
39
-47
27
-65
53
-116
97
-42
-90
117
86
-2
-17
16
47
-62
0
121
121
29
16
0
-117
30
120
-58
-89
33
50
-44
-14
121
88
-95
-51
-49
-61
-42
26
100
-107
-29
-56
82
95
-93
92
27
54
30
-113
77
-70
77
12
54
15
49
8
-107
96
-52
50
-5
29
-47
20
86
58
-4
47
-77
69
-123
29
32
-43
-7
-74
-99
-59
-97
-32
18
78
11
-82
-13
-26
-103
-49
10
76
-34
126
121
-123
104
-101
13
88
83
61
51
-62
86
94
-116
88
-87
40
-113
-112
-88
-17
-15
126
37
40
-68
102
-41
-63
24
63
44
-104
-111
-29
-69
10
-4
-50
-41
-6
121
112
19
114
68
-116
-39
25
6
-8
26
-17
51
21
19
-1
122
-107
116
54
75
62
92
75
7
54
43
115
96
-104
-14
-124
2
119
6
117
109
-21
33
-88
-62
45
-29
31
-59
89
-76
-56
119
74
120
109
7
94
109
-28
-65
123
29
-91
-118
91
98
-65
14
13
-27
24
100
55
94
13
-14
-115
-53
44
2
105
26
-117
40
-82
64
-36
90
29
-110
101
119
0
-67
112
-97
-57
19
-80
126
-46
-87
-18
-96
-57
-113
-4
33
-23
83
119
-98
-115
117
23
10
112
85
-118
-37
-69
0
0
-70
-69
-39
35
-118
-46
-21
-53
-87
38
99
-52
-123
-40
-98
-20
6
-9
-104
125
104
-117
-31
98
-126
61
75
107
116
-112
-40
78
-99
-85
-62
-60
-63
41
-89
83
45
-116
33
31
67
-15
75
118
86
-104
15
40
58
9
50
-39
-91
-3
-105
-61
82
100
-16
-60
-83
42
25
109
42
-121
-73
-74
-40
-19
-76
70
-80
54
0
-69
-87
50
123
35
-66
-28
-24
-78
33
54
91
94
-92
-46
-78
-15
-67
75
-76
-71
-17
-9
17
-46
106
6
-114
-26
13
-59
-98
-100
63
21
-72
62
69
124
-22
80
15
108
85
11
122
-119
-16
-20
-66
39
97
-2
74
72
17
97
-121
-75
-95
64
-5
-2
89
46
-14
-62
-118
-69
-71
29
112
-94
-58
108
-91
-32
-79
-73
-64
-94
-102
60
-37
-66
116
85
66
79
110
74
47
-105
53
-15
-94
13
-13
69
-125
-89
78
70
-34
90
-76
-82
-92
-108
-87
91
79
41
8
-55
-125
-17
105
95
70
5
-9
-10
-83
110
-123
-91
-35
-84
-74
-92
-41
56
126
16
-123
111
59
-98
-54
-37
54
-91
-60
37
107
26
77
90
-51
103
-91
-52
71
4
-121
1
125
118
88
-85
-64
15
49
38
-49
122
-108
86
-115
8
121
-64
116
53
2
22
-90
-17
-100
-8
-73
-121
-92
28
-57
78
9
-126
112
117
24
59
-126
96
-107
-6
-93
-51
-30
104
110
100
-30
-9
-103
-105
-97
-78
-22
-57
-4
55
-107
63
33
5
-33
-122
55
119
49
-76
-84
114
46
91
31
101
37
-28
-49
54
45
48
-54
55
-55
118
-99
58
-93
61
29
106
0
-25
113
114
-25
-121
-100
35
-11
-101
3
-98
-101
11
0
-83
21
-108
15
-29
96
72
114
-102
-4
26
84
-31
60
101
-100
19
-106
-24
41
-109
-14
-64
32
-56
36
78
85
-101
4
28
49
-27
-95
-4
-106
116
-53
61
111
-31
-49
-97
76
10
7
30
-47
59
-56
38
2
32
-88
126
-13
2
66
3
-18
53
-2
51
104
96
56
-34
83
61
44
-77
117
-29
84
87
10
-66
8
103
-71
-47
-64
88
-85
-50
27
78
74
51
-76
77
1
124
56
68
-32
0
112
-8
44
29
39
-84
60
-39
-2
53
-19
-24
-41
-63
-59
-9
47
91
-93
-118
-84
72
83
-58
-97
-125
-113
25
99
-16
47
-120
-43
88
-73
-20
7
-17
81
-76
94
8
3
-63
106
121
-79
102
45
-117
16
-28
-49
113
-10
-120
-61
7
47
-88
0
-48
48
-10
-72
-65
29
-58
-89
86
-13
122
22
-26
-19
29
6
20
93
-59
8
20
-95
93
-13
19
-74
12
78
-74
-7
11
59
-36
-57
-26
23
-25
-3
104
60
46
-31
-91
-98
119
-89
-50
-5
-108
-80
-13
34
94
76
-52
84
13
-116
0
-64
36
71
-48
-57
-70
-64
-36
114
-20
46
-111
62
-120
62
98
32
98
100
-22
-115
-44
84
108
-53
80
74
-96
-42
53
-69
122
-85
17
-91
118
-82
23
-84
-93
-98
-99
-81
63
49
-114
104
12
90
-115
117
52
-58
-21
-77
-89
11
-74
-47
74
-44
-86
-85
94
-94
-87
-111
-38
46
5
-75
-90
-105
-48
103
43
-123
-27
-56
102
107
124
12
112
79
118
-82
83
-109
-119
-10
-105
1
40
-69
-81
7
-27
100
118
-102
73
113
64
100
-59
20
4
100
2
-87
3
-80
-69
28
-73
79
0
-118
-43
121
89
-116
-13
67
111
31
-31
-24
-26
45
-40
24
-66
-53
35
-11
111
18
-41
-96
125
27
-103
-107
21
56
-54
55
66
-65
121
42
-92
-15
-37
-125
-113
-68
62
-50
73
116
-42
-101
-98
-65
-94
-34
-31
58
90
108
111
-56
86
118
15
96
120
-96
-105
-45
-18
44
21
-17
32
125
54
-18
58
-100
-121
41
4
-101
-21
76
7
77
-118
-70
87
83
-56
-62
70
120
35
-29
-13
29
58
46
123
4
0
-114
79
-73
39
116
-58
101
56
107
2
1
-65
66
-1
-40
-91
-23
-12
-5
-98
98
-103
88
44
42
23
38
-73
-3
121
8
-95
-19
0
47
114
65
-90
74
-118
108
-49
0
-95
24
-37
74
-120
37
8
0
-105
42
-1
71
-76
-92
-37
-38
41
-7
-107
57
117
29
42
88
-31
80
-45
71
118
66
32
-35
-30
-58
-12
-110
-6
-85
-118
-42
49
-118
14
-58
72
-123
-107
-35
-83
74
37
28
-87
-6
-119
-34
63
126
-48
18
63
-61
-54
-43
-12
-101
2
123
-112
98
-53
-105
39
-65
-117
114
-29
-76
90
53
-96
98
-103
-112
77
-8
-26
124
-58
101
-7
-14
-89
82
-1
-17
-63
24
115
-82
-2
-52
-27
-34
-65
-75
-60
-12
45
-105
94
38
8
-51
-76
-94
-46
9
123
-23
92
52
-23
-107
83
-47
-68
-41
0
-49
-59
90
119
-64
10
-91
30
-47
-18
-71
-23
-19
59
-3
-18
8
-5
108
66
109
75
-111
7
-125
-59
-23
51
85
20
-76
-105
36
-43
58
4
87
-34
14
-74
-44
120
-27
58
-85
86
-19
-91
100
4
-12
-75
-111
110
-119
46
37
-98
-6
-61
34
-107
-1
-28
67
65
73
-45
-58
-55
79
126
-86
106
27
14
-52
48
-21
46
-43
-49
-20
-117
-40
117
83
0
26
-64
-66
104
103
-116
95
36
-31
-61
-78
-106
30
84
121
109
69
-76
97
100
45
-58
-121
-103
-57
24
-96
-35
-123
-65
-51
-62
69
19
-8
-36
38
110
-126
-60
25
118
-106
-35
66
-116
89
-73
125
-122
-19
-76
105
-36
-69
63
0
-65
-58
-55
-120
-55
-24
42
93
110
7
98
4
51
-26
-75
81
74
-16
106
-83
59
76
40
-35
-81
-1
52
-83
96
-53
66
115
10
83
-52
88
-107
-95
-63
-71
-13
-53
68
39
-100
-57
-55
0
64
107
-112
71
102
25
-110
119
-12
-63
72
-120
-57
25
-59
25
20
95
26
-42
-13
-63
38
39
87
104
15
8
-109
-23
13
-109
-41
60
119
79
-114
-54
5
-43
98
21
-56
-46
77
4
74
-58
18
-18
-7
9
-25
-59
126
-46
88
55
-5
81
-116
114
31
56
84
-16
-106
33
2
125
68
-79
-78
118
88
124
108
-75
31
-2
-72
-51
17
24
-13
-83
-68
4
-5
-116
53
-77
-46
-53
-123
-53
42
74
-28
24
80
76
11
-30
-115
-52
-48
107
29
-4
-101
-37
-121
108
-49
10
121
-41
-9
21
-22
-113
75
-74
-28
98
-3
-108
70
34
77
96
-117
18
106
46
-12
57
126
75
54
44
-126
-39
41
-63
-77
-85
19
-43
-46
50
-45
30
110
-98
-51
-93
-23
50
106
50
4
-40
-96
77
36
35
-102
11
-106
105
-52
-16
91
-82
-43
0
-82
85
-30
70
-60
60
-68
-91
-35
60
116
-83
-105
112
-118
-11
-47
-40
-69
-7
0
-17
44
120
109
-109
118
28
-42
39
-114
-99
118
-30
-19
-72
119
-95
87
-30
42
-53
8
65
-103
23
20
119
108
28
-103
90
34
46
-65
-115
-13
-35
-61
-105
5
2
-113
-4
-23
99
119
101
37
43
102
-39
-88
-68
61
-101
37
-56
100
58
-27
-106
-35
-22
103
-38
12
-16
-20
-113
109
25
-43
-67
-99
103
78
24
95
45
-27
-20
3
-104
-84
-101
-68
51
109
-44
4
4
-30
57
106
25
-69
6
-24
-52
89
-16
-39
31
76
113
91
-36
-54
47
104
85
4
-4
2
20
-8
-33
102
-75
-15
23
9
-72
9
-20
-59
57
104
-50
124
-97
-45
32
72
-80
-8
-74
-79
-39
-97
-84
-95
106
107
100
70
10
9
-53
-59
-68
-46
-46
114
43
88
66
84
74
-122
28
-65
15
-47
-9
81
53
46
99
7
68
-111
50
-83
23
-21
-11
29
-54
113
56
69
-68
55
117
122
14
114
109
-41
-41
47
-106
-86
-47
18
-51
33
98
123
-124
-63
67
58
-14
41
-5
-111
13
-108
18
49
124
-80
-45
-89
-111
-10
-83
1
9
-96
-55
0
87
-84
105
-16
96
-32
-5
-19
17
116
8
107
103
3
126
6
-113
-55
-14
12
57
95
-91
71
-116
-96
-43
8
-13
0
67
76
-19
-11
27
-79
-79
-1
-76
102
-25
94
-78
115
73
-55
-67
-17
-104
81
-112
-25
53
-71
45
88
-100
124
-85
61
34
-99
-126
-111
13
-47
-77
-25
-60
-99
7
10
-122
-89
29
-119
77
1
62
46
113
-115
13
20
53
100
-93
111
-118
51
-126
101
-116
-66
-96
-73
-122
0
91
-57
-111
-45
21
126
-13
-67
-53
12
15
-110
-17
79
97
-16
98
-65
-41
-60
59
-34
-110
89
-77
-89
-28
-79
-126
122
3
15
-118
120
-50
18
112
83
-105
-72
-91
-2
-31
1
-34
-37
123
111
42
42
94
48
29
2
54
-40
118
-33
-115
23
-95
-59
-5
-82
-71
-126
-49
124
-3
81
9
-90
-27
56
-94
-24
35
-94
-124
-46
-125
35
-93
100
33
-86
32
54
-65
3
94
72
-22
-15
111
4
87
0
84
57
-61
-38
-13
-27
-26
-32
-99
47
-68
38
-71
-5
-34
67
-53
-50
-70
87
-18
3
2
117
-114
-92
-106
55
-34
21
-99
34
111
-50
-50
49
-33
-126
-3
-89
90
124
75
-16
-68
87
-29
86
59
-33
-66
-74
11
28
42
88
109
-28
-7
0
-2
10
82
103
77
115
0
-19
21
-122
81
50
126
-126
18
-39
94
42
63
-83
104
112
77
-48
-107
15
86
-21
99
-124
100
52
-81
-108
-62
4
25
122
-20
51
117
84
-70
113
-98
78
-82
112
-125
-27
-120
108
-85
26
-88
-124
32
111
-61
-36
-87
6
0
-95
-61
54
116
51
-49
-108
-87
39
74
11
-121
-13
11
-69
-8
84
-30
125
-4
0
19
126
-13
-55
-91
46
-108
-86
40
98
-107
65
-35
-71
37
-108
16
44
-80
50
37
-56
103
52
-57
-88
-26
-126
-5
-44
118
79
81
-76
44
20
64
-12
-74
-12
97
72
110
-84
70
93
-124
120
9
-46
-79
102
-77
11
67
12
62
105
83
-84
-37
-13
59
51
126
-118
-13
-85
36
112
-71
-40
50
-124
56
77
-52
88
18
77
58
117
106
-47
-108
20
3
-10
54
27
-20
-99
-5
123
-54
-66
-5
-16
89
-10
93
-59
-97
64
-73
74
-52
-31
-118
16
7
-28
88
-38
-119
-49
54
49
118
102
-101
-16
-18
-119
23
-4
-70
-108
65
72
-46
-31
-75
-60
-72
76
27
-87
6
-84
-50
-124
25
-51
31
-40
107
110
-75
25
41
51
80
-111
17
100
9
54
-105
71
-53
-61
-16
49
123
93
124
-102
125
-66
-77
-25
-16
-101
90
-75
49
-61
22
-59
-101
71
54
-37
31
114
93
67
-100
-112
-76
-72
-43
-86
77
-35
121
-16
102
-100
-66
39
71
15
35
-125
20
-72
-24
-68
-10
57
-47
79
36
-29
117
52
0
-89
94
83
2
86
71
-54
101
91
-81
-101
-62
0
82
87
-36
67
86
4
-100
-65
44
12
-66
-12
104
54
-65
49
79
-19
30
-39
-110
29
-14
-106
-113
-63
95
16
51
-99
-119
1
47
-27
-29
-105
4
-34
38
-48
87
123
66
29
126
-51
-25
103
7
-120
-70
72
-29
34
59
40
94
83
-13
-113
23
-84
59
-71
-111
-26
23
102
13
22
-81
107
2
-85
83
76
6
1
115
50
47
29
122
-28
90
-106
-56
113
-87
-47
53
-7
46
74
-63
119
-46
75
78
-63
-107
90
-68
-24
-33
96
-114
-48
-84
64
8
-90
105
78
-104
97
44
-14
119
-50
86
89
126
95
-17
36
42
46
79
58
78
-90
-48
82
67
-66
-113
-9
46
6
-92
-55
-23
-109
65
-103
-99
-84
-114
94
13
-20
59
73
55
18
69
93
-92
-82
59
90
-88
112
-25
-4
-121
-22
-125
-99
-1
-60
-115
-2
-47
-25
1
-90
77
37
-118
5
-10
42
-37
-125
-76
-10
118
-11
51
12
111
56
-121
49
-55
-5
-41
67
-55
-68
22
-101
62
-53
-46
-3
-115
-73
126
21
-27
98
39
-16
67
-54
6
-30
-21
16
-86
0
76
-103
-105
-10
2
-2
-122
-44
-18
75
-62
55
-82
-17
39
-11
49
-20
-22
-16
-17
-88
-4
-4
-12
29
-23
-12
9
99
99
44
-114
-49
-45
43
-101
9
-88
39
-51
45
78
-58
-80
94
17
17
-110
-91
0
-77
86
5
0
-58
-97
21
124
-19
24
124
53
-121
32
23
97
-6
-31
-36
-3
-74
107
124
-12
46
-23
-100
-89
10
96
-45
-48
61
11
22
-38
-47
14
46
54
-123
11
30
52
-95
4
-10
106
-108
80
56
-64
37
-41
-14
-105
-115
-105
0
-79
102
87
85
-49
-78
8
38
13
5
2
39
-83
-62
95
-101
-105
9
22
123
-18
-110
100
76
123
-71
-19
42
-80
107
105
41
-120
-40
-9
85
-67
-71
57
-107
-23
11
-7
94
108
84
-10
37
-123
-86
-11
-72
-100
76
110
0
-14
-110
66
20
30
54
102
64
-30
-119
103
-109
115
-21
74
34
75
-96
16
32
-31
-15
-28
55
-5
11
-50
-11
-81
51
107
72
-35
22
-6
55
4
123
-79
90
-78
126
86
-63
-56
36
-120
89
-116
-24
-33
8
19
-98
80
-36
-100
-59
60
38
-58
35
-27
-111
-37
75
-110
20
-104
82
103
-47
-2
-13
-55
-27
84
-37
-89
-41
64
-43
68
80
-98
17
80
8
-123
-64
35
56
-73
-63
-66
-2
59
34
-61
120
-2
-82
-121
-110
-74
-99
-18
-88
95
113
-79
-92
41
112
76
48
104
16
-72
-1
42
-98
125
102
103
-55
18
-38
-33
-42
90
-37
38
-77
-81
124
-117
24
0
-83
-84
-95
-50
-105
-5
62
-2
50
-97
-65
-18
-103
53
11
58
-106
-80
116
17
-37
3
64
19
-82
-96
19
9
-60
-54
58
30
-19
77
-74
34
-93
56
-114
51
-115
102
-14
-46
-86
77
24
23
-89
27
-51
-50
-118
41
58
98
-68
106
104
31
48
50
99
26
16
-114
0
-87
52
17
-51
121
112
-38
-105
-118
78
0
-111
115
-38
-36
-5
21
-116
-26
-21
92
126
-29
-119
-83
-113
-48
-32
86
-61
-77
33
-1
-116
50
-17
-29
117
-63
-1
89
81
-119
77
43
29
-114
-85
83
6
-75
32
-119
120
125
-41
115
-13
-51
50
-95
9
-26
100
76
5
-90
-67
-36
-31
124
61
-120
115
-72
-97
111
104
22
90
97
-11
-36
-79
-79
-117
-66
-87
41
34
79
126
0
-92
4
22
19
-116
-97
36
8
-2
-33
126
30
-47
-60
-116
-97
21
-124
-65
93
120
58
-62
-55
68
-15
-104
51
-27
84
-42
-101
87
122
-33
5
-43
93
-90
31
-124
-13
93
-34
42
29
60
18
50
